BR|0088|KD027598|1|2100000017|6||32000.00|0.01250|400.00||C0600-055-1000-M|3122000|Blank|19||9102100000017603||400.00|32000.00
BR|0088||2|2100000017||||2600.00000|2600.00||freight|9999|Blank|19||||0.00|
BR|0088||1|||||3797.37000|3797.37||Utilities|5593002|5200|21||||0.00|
BR|0088||2|||||949.34000|949.34||Addl Charge|6493002|9550|21||||0.00|
BI|0096||1|7711675|20||1.00|174.56000|174.56||ITEM ID: XOM105458|3602|400|27||76771167502||174.56|1.00
BI|0096||1|7710319|1|0|100.00|5.43000|543.00||60-238-8001|1301003|Blank|25|0|76771031901|4|543.00|100.00
BI|0096||1|7711577|1|0|100.00|0.61200|61.20||C10061201|1301003|Blank|26|0|76771157701|1|61.20|100.00
BI|0096||2|7711577|2|0|40.00|1.01200|40.48||C10241701|1301003|Blank|26|0|76771157702|2|40.48|40.00
BI|0096||3|7711577|3|0|100.00|0.69600|69.60||N06061801|1301003|Blank|26|0|76771157703|3|69.60|100.00
BI|0096||1|7711682||||9.74000|9.74||sales tax|5555|450|28||||0.00|
BI|0096||2|7711682|1|0|4.00|18.73000|74.92||reducer|87|450|28|0|76771168201|1|74.92|4.00
BI|0096||3|7711682|2|0|3.00|11.69000|35.07||coupling|87|450|28|0|76771168202|2|35.07|3.00
BI|0096||4|7711682|3|0|1.00|11.77000|11.77||npt nipple|87|450|28|0|76771168203|3|11.77|1.00
BI|0096||1|7711722|10||10.00|3.50000|35.00||60-175-1150   TNKT2400X150MM|1350016|Blank|30||76771172201||35.00|10.00
BI|0096||2|7711722|20||5.00|3.80000|19.00||60-175-1175   TNKT2400X175MM|1350016|Blank|30||76771172202||19.00|5.00
BI|0096||1|7711885||||12.52000|12.52||sales tax|5555|917|29||||0.00|
BI|0096||2|7711885|10||6.00|2.64000|15.84||ITEM: V02385|58|917|29||76771188501||15.84|6.00
BI|0096||3|7711885|20||3.00|35.92000|107.76||ITEM: V02427|58|917|29||76771188502||107.76|3.00
BI|0096||4|7711885|30||2.00|16.44000|32.88||ITEM: V02428|58|917|29||76771188503||32.88|2.00
BI|0096||1|||||300.02000|300.02||safety cabinet|5806|480|32||||0.00|
BI|0096||1|||||209.54000|209.54||shop supplies|87|400|31||||0.00|
BI|0096||2|||||10.00000|10.00||sales tax|87|400|31||||0.00|
BI|0096||1|||||2000.00000|2000.00||services|63|861|11||||0.00|
BI|0096||1|||||150.00000|150.00||test|43|910|23||||0.00|
BI|0096||1|7711260|1||1.00|331.60000|331.60||NON-INVENTORY   NON INVENTORY ITEM|76|500|14||76771126002||331.60|1.00
BI|0096||2|7711260||||1.00000|1.00||sales tax|5555|500|14||||0.00|
BI|0096||3|7711260||||1.00000|1.00||freight|9999|500|14||||0.00|
BI|0096||1|||||23.33000|23.33||paper|43|917|22||||0.00|
BI|0096||1|||||150.00000|127.50||electric|3802|400|20||||0.00|
BI|0096||2|||||150.00000|22.50||electric|3802|555|20||||0.00|
