BR|0088|0354676|1|2100002668|1|0|1.00|16.17000|16.17||Z551100003-5200|3122000|Blank|56|0|9102100002668101|1|16.17|1.00
BR|0088|0354676|2|2100002668|2|0|2.00|17.95000|35.90||Z551100003-5200|3122000|Blank|56|0|9102100002668201|2|35.90|2.00
BR|0088|0354676|3|2100002668|3|0|3.00|18.00000|54.00||Z551100003-5200|3122000|Blank|56|0|9102100002668301|3|54.00|3.00
BR|0088|0354676|4|2100002668|4|0|1.00|24.70000|24.70||Z551100003-5200|3122000|Blank|56|0|9102100002668401|4|24.70|1.00
BR|0088|0354676|5|2100002668|5|0|2.00|68.66000|137.32||Z551100003-5200|3122000|Blank|56|0|9102100002668501|5|137.32|2.00
BR|0088|0354676|6|2100002668|6|0|2.00|21.18000|42.36||Z551100003-5200|3122000|Blank|56|0|9102100002668601|6|42.36|2.00
BR|0088|0354676|7|2100002668|7|0|2.00|97.03000|194.06||Z551100003-5200|3122000|Blank|56|0|9102100002668701|7|194.06|2.00
BR|0088|0354676|8|2100002668|8|0|12.00|14.97000|179.64||Z551100003-5200|3122000|Blank|56|0|9102100002668801|8|179.64|12.00
BR|0088|0354676|9|2100002668|9|0|24.00|6.08000|145.92||Z551100003-5200|3122000|Blank|56|0|9102100002668901|9|145.92|24.00
BR|0088|0354676|10|2100002668|10|0|8.00|29.97000|239.76||Z551100003-5200|3122000|Blank|56|0|91021000026681001|10|239.76|8.00
BR|0088|0354676|11|2100002668|11|0|5.00|44.45000|222.25||Z551100003-5200|3122000|Blank|56|0|91021000026681101|11|222.25|5.00
BR|0088|0354676|12|2100002668|12|0|10.00|21.79000|217.90||Z551100003-5200|3122000|Blank|56|0|91021000026681201|12|217.90|10.00
BR|0088|0354676|13|2100002668|13|0|10.00|21.79000|217.90||Z551100003-5200|3122000|Blank|56|0|91021000026681301|13|217.90|10.00
BR|0088|0354676|14|2100002668|14|0|75.00|1.07000|80.25||Z551100003-5200|3122000|Blank|56|0|91021000026681401|14|80.25|75.00
BR|0088|0354676|15|2100002668|15|0|75.00|1.33000|99.75||Z551100003-5200|3122000|Blank|56|0|91021000026681501|15|99.75|75.00
BR|0088|0354676|16|2100002668|16|0|1.00|146.76000|146.76||Z551100003-5200|3122000|Blank|56|0|91021000026681601|16|146.76|1.00
BR|0088||17|2100002668||||100.00000|100.00||freight|9999|Blank|56||||0.00|
BR|0088|4/4|1|2100002061|1|0|305.00|0.94000|286.70||NEST3A30|3122000|Blank|55|0|9102100002061103|1|286.70|305.00
